<?xml version="1.0" encoding="UTF-8" standalone="no" ?>
<LXFML versionMajor="5" versionMinor="0" name="grip-rigged-lights">
  <Meta>
    <Application name="LEGO Digital Designer" versionMajor="4" versionMinor="3"/>
    <Brand name="LDDExtended"/>
    <BrickSet version="1564.2"/>
  </Meta>
  <Cameras>
    <Camera refID="0" fieldOfView="80" distance="83.6770477294921875" transformation="-0.3276525437831878662109375,0,-0.944798409938812255859375,0.0282321162521839141845703125,0.999553501605987548828125,-0.00979079306125640869140625,0.944376528263092041015625,-0.029881633818149566650390625,-0.3275062143802642822265625,87.718231201171875,7.14293766021728515625,-26.3265666961669921875"/>
  </Cameras>
  <Bricks cameraRef="0">
    <Brick refID="0" designID="2335">
      <Part refID="0" designID="2335" materials="26">
        <Bone refID="0" transformation="-0.3916714191436767578125,-0.24998004734516143798828125,0.885496199131011962890625,0,0.962385833263397216796875,0.27168643474578857421875,-0.9201052188873291015625,0.10641188919544219970703125,-0.3769386708736419677734375,-5.321391582489013671875,15.95795440673828125,2.2435967922210693359375">
        </Bone>
      </Part>
    </Brick>
    <Brick refID="1" designID="2540">
      <Part refID="1" designID="2540" materials="26">
        <Bone refID="1" transformation="0,0.962385833263397216796875,0.2716864645481109619140625,0,-0.271686494350433349609375,0.962385833263397216796875,1,0,0,-3.7213919162750244140625,16.439159393310546875,2.1217505931854248046875">
        </Bone>
      </Part>
    </Brick>
    <Brick refID="2" designID="6143">
      <Part refID="2" designID="6143" materials="26">
        <Bone refID="2" transformation="0,-0.962385833263397216796875,-0.2716864645481109619140625,0,-0.271686494350433349609375,0.962385833263397216796875,-1,0,0,-4.52139186859130859375,17.4698925018310546875,1.41521298885345458984375">
        </Bone>
      </Part>
    </Brick>
    <Brick refID="3" designID="2540">
      <Part refID="3" designID="2540" materials="26">
        <Bone refID="3" transformation="0,-0.962385833263397216796875,-0.2716864645481109619140625,0,-0.271686494350433349609375,0.962385833263397216796875,-1,0,0,-4.521391391754150390625,17.2090663909912109375,2.3391017913818359375">
        </Bone>
      </Part>
    </Brick>
    <Brick refID="4" designID="32062">
      <Part refID="4" designID="32062" materials="21">
        <Bone refID="4" transformation="0,0.962385833263397216796875,0.271686553955078125,1,0,0,0,0.2716865837574005126953125,-0.962385833263397216796875,-4.121391773223876953125,17.3240222930908203125,0.45963823795318603515625">
        </Bone>
      </Part>
    </Brick>
    <Brick refID="5" designID="6143">
      <Part refID="5" designID="6143" materials="26">
        <Bone refID="5" transformation="0,-0.962385833263397216796875,-0.2716864645481109619140625,0,0.271686494350433349609375,-0.962385833263397216796875,1,0,0,-3.7213909626007080078125,17.4698925018310546875,1.415212154388427734375">
        </Bone>
      </Part>
    </Brick>
    <Brick refID="6" designID="60470">
      <Part refID="6" designID="60470" materials="26">
        <Bone refID="6" transformation="1,0,0,0,0.271686494350433349609375,-0.962385833263397216796875,0,0.962385833263397216796875,0.2716864645481109619140625,-4.5213909149169921875,17.730712890625,0.4913241863250732421875">
        </Bone>
      </Part>
    </Brick>
    <Brick refID="7" designID="98100">
      <Part refID="7" designID="98100" materials="26,0" decoration="0">
        <Bone refID="7" transformation="-1,0,0,0,0.271686494350433349609375,-0.962385833263397216796875,0,-0.962385833263397216796875,-0.2716864645481109619140625,-3.72139072418212890625,17.04773712158203125,-0.033992767333984375">
        </Bone>
      </Part>
    </Brick>
    <Brick refID="8" designID="48336">
      <Part refID="8" designID="48336" materials="26">
        <Bone refID="8" transformation="-1,0,0,0,0.271686494350433349609375,-0.962385833263397216796875,0,-0.962385833263397216796875,-0.2716864645481109619140625,-3.721391201019287109375,16.9608001708984375,0.27397334575653076171875">
        </Bone>
      </Part>
    </Brick>
    <Brick refID="9" designID="2540">
      <Part refID="9" designID="2540" materials="26">
        <Bone refID="9" transformation="-1,0,0,0,-0.271686494350433349609375,0.962385833263397216796875,0,0.962385833263397216796875,0.2716864645481109619140625,-3.721391201019287109375,17.122127532958984375,2.6470649242401123046875">
        </Bone>
      </Part>
    </Brick>
    <Brick refID="10" designID="6141">
      <Part refID="10" designID="6141" materials="226">
        <Bone refID="10" transformation="0,-0.962385833263397216796875,-0.2716864645481109619140625,0,-0.271686494350433349609375,0.962385833263397216796875,-1,0,0,-4.121391773223876953125,16.6502361297607421875,2.8463535308837890625">
        </Bone>
      </Part>
    </Brick>
    <Brick refID="11" designID="4740">
      <Part refID="11" designID="4740" materials="43,0" decoration="0">
        <Bone refID="11" transformation="-1,0,0,0,-0.271686494350433349609375,0.962385833263397216796875,0,0.962385833263397216796875,0.2716864645481109619140625,-4.121391773223876953125,16.56329345703125,3.15431690216064453125">
        </Bone>
      </Part>
    </Brick>
    <Brick refID="12" designID="2540">
      <Part refID="12" designID="2540" materials="26">
        <Bone refID="12" transformation="1,0,0,0,-0.271686494350433349609375,0.962385833263397216796875,0,-0.962385833263397216796875,-0.2716864645481109619140625,-4.52139186859130859375,16.3522243499755859375,2.4297153949737548828125">
        </Bone>
      </Part>
    </Brick>
    <Brick refID="13" designID="2540">
      <Part refID="13" designID="2540" materials="26">
        <Bone refID="13" transformation="0,0,1,0,1,0,-1,0,0,23.1199951171875,20.1599979400634765625,0.399999797344207763671875">
        </Bone>
      </Part>
    </Brick>
    <Brick refID="14" designID="58827">
      <Part refID="14" designID="58827" materials="26">
        <Bone refID="14" transformation="0,0,1,0,1,0,-1,0,0,23.1199951171875,10.560001373291015625,0.399999797344207763671875">
        </Bone>
      </Part>
    </Brick>
    <Brick refID="15" designID="58827">
      <Part refID="15" designID="58827" materials="26">
        <Bone refID="15" transformation="0,0,1,0,1,0,-1,0,0,23.1199951171875,0.9600048065185546875,0.399999558925628662109375">
        </Bone>
      </Part>
    </Brick>
    <Brick refID="16" designID="50990">
      <Part refID="16" designID="50990" materials="26">
        <Bone refID="16" transformation="0,0,1,0,1,0,-1,0,0,23.1199951171875,0.6400051116943359375,0.399999320507049560546875">
        </Bone>
      </Part>
    </Brick>
    <Brick refID="17" designID="4032">
      <Part refID="17" designID="4032" materials="21">
        <Bone refID="17" transformation="1,0,0,0,1,0,0,0,1,23.1199951171875,0.3200054168701171875,1.19999980926513671875">
        </Bone>
      </Part>
    </Brick>
    <Brick refID="18" designID="4032">
      <Part refID="18" designID="4032" materials="21">
        <Bone refID="18" transformation="1,0,0,0,1,0,0,0,1,23.1199951171875,0,1.19999980926513671875">
        </Bone>
      </Part>
    </Brick>
    <Brick refID="19" designID="3023">
      <Part refID="19" designID="3023" materials="26">
        <Bone refID="19" transformation="0,0,1,0,1,0,-1,0,0,23.919994354248046875,20.1599979400634765625,0.399999797344207763671875">
        </Bone>
      </Part>
    </Brick>
    <Brick refID="20" designID="4519">
      <Part refID="20" designID="4519" materials="26">
        <Bone refID="20" transformation="0,0,-1,1,0,0,0,-1,0,23.5114917755126953125,0.1600055694580078125,0.807448565959930419921875">
        </Bone>
      </Part>
    </Brick>
    <Brick refID="21" designID="2412">
      <Part refID="21" designID="2412" materials="26">
        <Bone refID="21" transformation="-1,0,0,0,1,0,0,0,-1,23.919994354248046875,20.4799976348876953125,0.399999797344207763671875">
        </Bone>
      </Part>
    </Brick>
    <Brick refID="22" designID="2412">
      <Part refID="22" designID="2412" materials="26">
        <Bone refID="22" transformation="1,0,0,0,1,0,0,0,1,23.1199951171875,20.4799957275390625,1.1999990940093994140625">
        </Bone>
      </Part>
    </Brick>
    <Brick refID="23" designID="60470">
      <Part refID="23" designID="60470" materials="26">
        <Bone refID="23" transformation="0,0,1,1,0,0,0,1,0,22.071994781494140625,19.607997894287109375,0.069999873638153076171875">
        </Bone>
      </Part>
    </Brick>
    <Brick refID="24" designID="58827">
      <Part refID="24" designID="58827" materials="26">
        <Bone refID="24" transformation="0,1,0,1,0,0,0,0,-1,12.471996307373046875,18.8079967498779296875,0.07000039517879486083984375">
        </Bone>
      </Part>
    </Brick>
    <Brick refID="25" designID="58827">
      <Part refID="25" designID="58827" materials="26">
        <Bone refID="25" transformation="0,1,0,1,0,0,0,0,-1,2.871997833251953125,18.8079967498779296875,0.070000641047954559326171875">
        </Bone>
      </Part>
    </Brick>
    <Brick refID="26" designID="58827">
      <Part refID="26" designID="58827" materials="26">
        <Bone refID="26" transformation="0,1,0,1,0,0,0,0,-1,-6.728000640869140625,18.8079986572265625,0.070000700652599334716796875">
        </Bone>
      </Part>
    </Brick>
    <Brick refID="27" designID="60470">
      <Part refID="27" designID="60470" materials="26">
        <Bone refID="27" transformation="0,0,1,1,0,0,0,1,0,-7.048000335693359375,19.6079959869384765625,0.070000849664211273193359375">
        </Bone>
      </Part>
    </Brick>
    <Brick refID="28" designID="3023">
      <Part refID="28" designID="3023" materials="26">
        <Bone refID="28" transformation="0,0,-1,1,0,0,0,-1,0,22.071994781494140625,18.8079967498779296875,0.8700001239776611328125">
        </Bone>
      </Part>
    </Brick>
    <Brick refID="29" designID="3023">
      <Part refID="29" designID="3023" materials="26">
        <Bone refID="29" transformation="0,0,1,1,0,0,0,1,0,-7.048000335693359375,18.8079986572265625,0.070000357925891876220703125">
        </Bone>
      </Part>
    </Brick>
    <Brick refID="30" designID="2540">
      <Part refID="30" designID="2540" materials="26">
        <Bone refID="30" transformation="0,0,-1,0,1,0,1,0,0,-7.6000003814697265625,20.15999603271484375,1.2000005245208740234375">
        </Bone>
      </Part>
    </Brick>
    <Brick refID="31" designID="58827">
      <Part refID="31" designID="58827" materials="26">
        <Bone refID="31" transformation="0,0,1,0,1,0,-1,0,0,-8.40000057220458984375,10.55999851226806640625,0.400000631809234619140625">
        </Bone>
      </Part>
    </Brick>
    <Brick refID="32" designID="3023">
      <Part refID="32" designID="3023" materials="26">
        <Bone refID="32" transformation="0,0,-1,0,1,0,1,0,0,-8.40000057220458984375,20.15999603271484375,1.2000005245208740234375">
        </Bone>
      </Part>
    </Brick>
    <Brick refID="33" designID="58827">
      <Part refID="33" designID="58827" materials="26">
        <Bone refID="33" transformation="0,0,1,0,1,0,-1,0,0,-8.40000057220458984375,0.95999908447265625,0.400000393390655517578125">
        </Bone>
      </Part>
    </Brick>
    <Brick refID="34" designID="50990">
      <Part refID="34" designID="50990" materials="26">
        <Bone refID="34" transformation="0,0,1,0,1,0,-1,0,0,-8.40000057220458984375,0.6399993896484375,0.400000393390655517578125">
        </Bone>
      </Part>
    </Brick>
    <Brick refID="35" designID="4032">
      <Part refID="35" designID="4032" materials="21">
        <Bone refID="35" transformation="1,0,0,0,1,0,0,0,1,-8.40000152587890625,0.31999969482421875,1.20000040531158447265625">
        </Bone>
      </Part>
    </Brick>
    <Brick refID="36" designID="4032">
      <Part refID="36" designID="4032" materials="21">
        <Bone refID="36" transformation="1,0,0,0,1,0,0,0,1,-8.40000152587890625,0,1.20000040531158447265625">
        </Bone>
      </Part>
    </Brick>
    <Brick refID="37" designID="4519">
      <Part refID="37" designID="4519" materials="26">
        <Bone refID="37" transformation="0,0,-1,1,0,0,0,-1,0,-8.0085048675537109375,0.31999969482421875,0.807449400424957275390625">
        </Bone>
      </Part>
    </Brick>
    <Brick refID="38" designID="2412">
      <Part refID="38" designID="2412" materials="26">
        <Bone refID="38" transformation="-1,0,0,0,1,0,0,0,-1,-7.6000003814697265625,20.4799938201904296875,0.4000012874603271484375">
        </Bone>
      </Part>
    </Brick>
    <Brick refID="39" designID="2412">
      <Part refID="39" designID="2412" materials="26">
        <Bone refID="39" transformation="1,0,0,0,1,0,0,0,1,-8.40000057220458984375,20.4799957275390625,1.2000005245208740234375">
        </Bone>
      </Part>
    </Brick>
    <Brick refID="40" designID="2335">
      <Part refID="40" designID="2335" materials="26">
        <Bone refID="40" transformation="0,-0.1015785038471221923828125,0.9948275089263916015625,1,0,0,0,0.994827568531036376953125,0.101578481495380401611328125,-4.921390533447265625,17.824657440185546875,3.1030838489532470703125">
        </Bone>
      </Part>
    </Brick>
    <Brick refID="41" designID="2335">
      <Part refID="41" designID="2335" materials="26">
        <Bone refID="41" transformation="0.4181176126003265380859375,-0.24679796397686004638671875,0.8742244243621826171875,0,-0.962385833263397216796875,-0.2716865241527557373046875,0.9083931446075439453125,0.113596715033054351806640625,-0.4023900926113128662109375,-2.9213912487030029296875,17.555515289306640625,2.6945960521697998046875">
        </Bone>
      </Part>
    </Brick>
    <Brick refID="42" designID="2540">
      <Part refID="42" designID="2540" materials="26">
        <Bone refID="42" transformation="0,-0.962385833263397216796875,-0.2716864645481109619140625,0,-0.2716864645481109619140625,0.962385833263397216796875,-1,0,0,9.32539081573486328125,17.77852630615234375,0.321944892406463623046875">
        </Bone>
      </Part>
    </Brick>
    <Brick refID="43" designID="63868">
      <Part refID="43" designID="63868" materials="26">
        <Bone refID="43" transformation="0,-0.962385833263397216796875,-0.271686494350433349609375,0,-0.2716864645481109619140625,0.962385833263397216796875,-1,0,0,9.325389862060546875,17.865467071533203125,0.01398313045501708984375">
        </Bone>
      </Part>
    </Brick>
    <Brick refID="44" designID="92947">
      <Part refID="44" designID="92947" materials="26">
        <Bone refID="44" transformation="0,-0.962385833263397216796875,-0.271686494350433349609375,0,-0.271686494350433349609375,0.962385833263397216796875,-1,0,0,9.32538604736328125,18.1262874603271484375,-0.909909784793853759765625">
        </Bone>
      </Part>
    </Brick>
    <Brick refID="45" designID="2540">
      <Part refID="45" designID="2540" materials="26">
        <Bone refID="45" transformation="0,0.962385833263397216796875,0.2716864645481109619140625,0,-0.2716864645481109619140625,0.962385833263397216796875,1,0,0,10.12538909912109375,17.0086212158203125,0.10459451377391815185546875">
        </Bone>
      </Part>
    </Brick>
    <Brick refID="46" designID="63868">
      <Part refID="46" designID="63868" materials="26">
        <Bone refID="46" transformation="0,-0.962385833263397216796875,-0.2716864645481109619140625,0,-0.2716864645481109619140625,0.962385833263397216796875,-1,0,0,10.12538623809814453125,17.865474700927734375,0.01398122310638427734375">
        </Bone>
      </Part>
    </Brick>
    <Brick refID="47" designID="2654">
      <Part refID="47" designID="2654" materials="26">
        <Bone refID="47" transformation="-1,0,0,0,-0.2716864645481109619140625,0.962385833263397216796875,0,0.962385833263397216796875,0.2716864645481109619140625,10.1253871917724609375,18.1262912750244140625,-0.909910619258880615234375">
        </Bone>
      </Part>
    </Brick>
    <Brick refID="48" designID="2540">
      <Part refID="48" designID="2540" materials="26">
        <Bone refID="48" transformation="-1,0,0,0,-0.2716864645481109619140625,0.962385833263397216796875,0,0.962385833263397216796875,0.2716864645481109619140625,10.12538909912109375,17.6915874481201171875,0.629907190799713134765625">
        </Bone>
      </Part>
    </Brick>
    <Brick refID="49" designID="6141">
      <Part refID="49" designID="6141" materials="226">
        <Bone refID="49" transformation="0,-0.962385833263397216796875,-0.2716864645481109619140625,0,-0.2716864645481109619140625,0.962385833263397216796875,-1,0,0,9.72538852691650390625,17.219696044921875,0.829195439815521240234375">
        </Bone>
      </Part>
    </Brick>
    <Brick refID="50" designID="4740">
      <Part refID="50" designID="4740" materials="43,0" decoration="0">
        <Bone refID="50" transformation="-1,0,0,0,-0.2716864645481109619140625,0.962385833263397216796875,0,0.962385833263397216796875,0.2716864645481109619140625,9.72538852691650390625,17.132755279541015625,1.1371593475341796875">
        </Bone>
      </Part>
    </Brick>
    <Brick refID="51" designID="2540">
      <Part refID="51" designID="2540" materials="26">
        <Bone refID="51" transformation="1,0,0,0,-0.2716864645481109619140625,0.962385833263397216796875,0,-0.962385833263397216796875,-0.2716864645481109619140625,9.3253879547119140625,16.9216861724853515625,0.412558138370513916015625">
        </Bone>
      </Part>
    </Brick>
    <Brick refID="52" designID="2335">
      <Part refID="52" designID="2335" materials="26">
        <Bone refID="52" transformation="0.2500488758087158203125,-0.26305568218231201171875,0.931814014911651611328125,0,-0.962385833263397216796875,-0.2716865241527557373046875,0.9682333469390869140625,0.067934773862361907958984375,-0.24064327776432037353515625,10.925388336181640625,18.1249752044677734375,0.677439391613006591796875">
        </Bone>
      </Part>
    </Brick>
    <Brick refID="53" designID="2335">
      <Part refID="53" designID="2335" materials="26">
        <Bone refID="53" transformation="0,-0.1015784740447998046875,0.9948275089263916015625,1,0,0,0,0.994827568531036376953125,0.1015784740447998046875,8.92538928985595703125,18.3941173553466796875,1.0859277248382568359375">
        </Bone>
      </Part>
    </Brick>
    <Brick refID="54" designID="2335">
      <Part refID="54" designID="2335" materials="26">
        <Bone refID="54" transformation="0,-0.1832025945186614990234375,0.983075201511383056640625,-1,0,0,0,-0.983075201511383056640625,-0.1832028329372406005859375,10.52538776397705078125,16.0843944549560546875,0.433879554271697998046875">
        </Bone>
      </Part>
    </Brick>
    <Brick refID="55" designID="2335">
      <Part refID="55" designID="2335" materials="26">
        <Bone refID="55" transformation="-0.1444071233272552490234375,-0.2688386738300323486328125,0.952298462390899658203125,0,0.962385833263397216796875,0.27168643474578857421875,-0.9895184040069580078125,0.0392336063086986541748046875,-0.138975203037261962890625,8.5253887176513671875,16.5274143218994140625,0.226440131664276123046875">
        </Bone>
      </Part>
    </Brick>
    <Brick refID="56" designID="2335">
      <Part refID="56" designID="2335" materials="26">
        <Bone refID="56" transformation="0.4181176126003265380859375,-0.24679799377918243408203125,0.874224483966827392578125,0,-0.962385833263397216796875,-0.271686553955078125,0.9083931446075439453125,0.113596729934215545654296875,-0.40239012241363525390625,20.2053852081298828125,17.555515289306640625,2.6945955753326416015625">
        </Bone>
      </Part>
    </Brick>
    <Brick refID="57" designID="2540">
      <Part refID="57" designID="2540" materials="26">
        <Bone refID="57" transformation="0,-0.962385833263397216796875,-0.271686494350433349609375,0,-0.271686494350433349609375,0.962385833263397216796875,-1,0,0,18.60538482666015625,17.2090663909912109375,2.3391020298004150390625">
        </Bone>
      </Part>
    </Brick>
    <Brick refID="58" designID="6143">
      <Part refID="58" designID="6143" materials="26">
        <Bone refID="58" transformation="0,-0.962385833263397216796875,-0.271686494350433349609375,0,-0.271686494350433349609375,0.962385833263397216796875,-1,0,0,18.60538482666015625,17.4698925018310546875,1.41521036624908447265625">
        </Bone>
      </Part>
    </Brick>
    <Brick refID="59" designID="2540">
      <Part refID="59" designID="2540" materials="26">
        <Bone refID="59" transformation="0,0.962385833263397216796875,0.271686494350433349609375,0,-0.271686494350433349609375,0.962385833263397216796875,1,0,0,19.405384063720703125,16.439159393310546875,2.1217505931854248046875">
        </Bone>
      </Part>
    </Brick>
    <Brick refID="60" designID="32062">
      <Part refID="60" designID="32062" materials="21">
        <Bone refID="60" transformation="0,0.962385833263397216796875,0.2716865837574005126953125,1,0,0,0,0.2716865837574005126953125,-0.962385833263397216796875,19.0053844451904296875,17.3240222930908203125,0.4596364498138427734375">
        </Bone>
      </Part>
    </Brick>
    <Brick refID="61" designID="6143">
      <Part refID="61" designID="6143" materials="26">
        <Bone refID="61" transformation="0,-0.962385833263397216796875,-0.271686494350433349609375,0,0.271686494350433349609375,-0.962385833263397216796875,1,0,0,19.4053859710693359375,17.4698925018310546875,1.41520977020263671875">
        </Bone>
      </Part>
    </Brick>
    <Brick refID="62" designID="60470">
      <Part refID="62" designID="60470" materials="26">
        <Bone refID="62" transformation="1,0,0,0,0.271686494350433349609375,-0.962385833263397216796875,0,0.962385833263397216796875,0.271686494350433349609375,18.60538482666015625,17.730712890625,0.4913222789764404296875">
        </Bone>
      </Part>
    </Brick>
    <Brick refID="63" designID="98100">
      <Part refID="63" designID="98100" materials="26,0" decoration="0">
        <Bone refID="63" transformation="-1,0,0,0,0.271686494350433349609375,-0.962385833263397216796875,0,-0.962385833263397216796875,-0.271686494350433349609375,19.4053859710693359375,17.04773712158203125,-0.033992290496826171875">
        </Bone>
      </Part>
    </Brick>
    <Brick refID="64" designID="48336">
      <Part refID="64" designID="48336" materials="26">
        <Bone refID="64" transformation="-1,0,0,0,0.271686494350433349609375,-0.962385833263397216796875,0,-0.962385833263397216796875,-0.271686494350433349609375,19.405384063720703125,16.9608001708984375,0.273972034454345703125">
        </Bone>
      </Part>
    </Brick>
    <Brick refID="65" designID="2540">
      <Part refID="65" designID="2540" materials="26">
        <Bone refID="65" transformation="-1,0,0,0,-0.271686494350433349609375,0.962385833263397216796875,0,0.962385833263397216796875,0.271686494350433349609375,19.405384063720703125,17.122127532958984375,2.6470639705657958984375">
        </Bone>
      </Part>
    </Brick>
    <Brick refID="66" designID="6141">
      <Part refID="66" designID="6141" materials="226">
        <Bone refID="66" transformation="0,-0.962385833263397216796875,-0.271686494350433349609375,0,-0.271686494350433349609375,0.962385833263397216796875,-1,0,0,19.005382537841796875,16.6502323150634765625,2.846353054046630859375">
        </Bone>
      </Part>
    </Brick>
    <Brick refID="67" designID="4740">
      <Part refID="67" designID="4740" materials="43,0" decoration="0">
        <Bone refID="67" transformation="-1,0,0,0,-0.271686494350433349609375,0.962385833263397216796875,0,0.962385833263397216796875,0.271686494350433349609375,19.005382537841796875,16.56329345703125,3.154316425323486328125">
        </Bone>
      </Part>
    </Brick>
    <Brick refID="68" designID="2540">
      <Part refID="68" designID="2540" materials="26">
        <Bone refID="68" transformation="1,0,0,0,-0.271686494350433349609375,0.962385833263397216796875,0,-0.962385833263397216796875,-0.271686494350433349609375,18.6053829193115234375,16.3522243499755859375,2.42971515655517578125">
        </Bone>
      </Part>
    </Brick>
    <Brick refID="69" designID="2335">
      <Part refID="69" designID="2335" materials="26">
        <Bone refID="69" transformation="0,-0.1015785038471221923828125,0.9948275089263916015625,1,0,0,0,0.994827568531036376953125,0.1015785038471221923828125,18.2053852081298828125,17.824657440185546875,3.1030838489532470703125">
        </Bone>
      </Part>
    </Brick>
    <Brick refID="70" designID="2335">
      <Part refID="70" designID="2335" materials="26">
        <Bone refID="70" transformation="-0.391671359539031982421875,-0.24998004734516143798828125,0.88549625873565673828125,0,0.962385833263397216796875,0.2716864645481109619140625,-0.9201052188873291015625,0.106411896646022796630859375,-0.37693870067596435546875,17.8053836822509765625,15.95795440673828125,2.2435963153839111328125">
        </Bone>
      </Part>
    </Brick>
    <Brick refID="71" designID="2335">
      <Part refID="71" designID="2335" materials="26">
        <Bone refID="71" transformation="0,-0.58826744556427001953125,0.8086664676666259765625,-1,0,0,0,-0.8086664676666259765625,-0.588267385959625244140625,19.8053836822509765625,15.51493358612060546875,2.4510357379913330078125">
        </Bone>
      </Part>
    </Brick>
    <Brick refID="72" designID="2335">
      <Part refID="72" designID="2335" materials="26">
        <Bone refID="72" transformation="0,-0.588267385959625244140625,0.8086664676666259765625,-1,0,0,0,-0.808666527271270751953125,-0.588267385959625244140625,-3.321392059326171875,15.51493358612060546875,2.4510362148284912109375">
        </Bone>
      </Part>
    </Brick>
    <Brick refID="73" designID="2335">
      <Part refID="73" designID="2335" materials="26">
        <Bone refID="73" transformation="0.2500488758087158203125,-0.26305568218231201171875,0.931814014911651611328125,0,-0.962385833263397216796875,-0.2716865241527557373046875,0.9682333469390869140625,0.067934773862361907958984375,-0.24064327776432037353515625,6.6786098480224609375,18.1249752044677734375,0.677439391613006591796875">
        </Bone>
      </Part>
    </Brick>
    <Brick refID="74" designID="2540">
      <Part refID="74" designID="2540" materials="26">
        <Bone refID="74" transformation="0,0.962385833263397216796875,0.2716864645481109619140625,0,-0.2716864645481109619140625,0.962385833263397216796875,1,0,0,5.8786106109619140625,17.0086212158203125,0.1045935153961181640625">
        </Bone>
      </Part>
    </Brick>
    <Brick refID="75" designID="63868">
      <Part refID="75" designID="63868" materials="26">
        <Bone refID="75" transformation="0,-0.962385833263397216796875,-0.2716864645481109619140625,0,-0.2716864645481109619140625,0.962385833263397216796875,-1,0,0,5.87860774993896484375,17.8654689788818359375,0.01398046314716339111328125">
        </Bone>
      </Part>
    </Brick>
    <Brick refID="76" designID="92947">
      <Part refID="76" designID="92947" materials="26">
        <Bone refID="76" transformation="0,-0.962385833263397216796875,-0.271686494350433349609375,0,-0.271686494350433349609375,0.962385833263397216796875,-1,0,0,5.078608036041259765625,18.126285552978515625,-0.90990960597991943359375">
        </Bone>
      </Part>
    </Brick>
    <Brick refID="77" designID="2540">
      <Part refID="77" designID="2540" materials="26">
        <Bone refID="77" transformation="0,-0.962385833263397216796875,-0.2716864645481109619140625,0,-0.2716864645481109619140625,0.962385833263397216796875,-1,0,0,5.07861232757568359375,17.77852630615234375,0.321944773197174072265625">
        </Bone>
      </Part>
    </Brick>
    <Brick refID="78" designID="63868">
      <Part refID="78" designID="63868" materials="26">
        <Bone refID="78" transformation="0,-0.962385833263397216796875,-0.271686494350433349609375,0,-0.2716864645481109619140625,0.962385833263397216796875,-1,0,0,5.0786113739013671875,17.865467071533203125,0.01398257911205291748046875">
        </Bone>
      </Part>
    </Brick>
    <Brick refID="79" designID="2654">
      <Part refID="79" designID="2654" materials="26">
        <Bone refID="79" transformation="-1,0,0,0,-0.2716864645481109619140625,0.962385833263397216796875,0,0.962385833263397216796875,0.2716864645481109619140625,5.878609180450439453125,18.1262912750244140625,-0.90991079807281494140625">
        </Bone>
      </Part>
    </Brick>
    <Brick refID="80" designID="2540">
      <Part refID="80" designID="2540" materials="26">
        <Bone refID="80" transformation="-1,0,0,0,-0.2716864645481109619140625,0.962385833263397216796875,0,0.962385833263397216796875,0.2716864645481109619140625,5.8786106109619140625,17.6915874481201171875,0.629908025264739990234375">
        </Bone>
      </Part>
    </Brick>
    <Brick refID="81" designID="6141">
      <Part refID="81" designID="6141" materials="226">
        <Bone refID="81" transformation="0,-0.962385833263397216796875,-0.2716864645481109619140625,0,-0.2716864645481109619140625,0.962385833263397216796875,-1,0,0,5.47861003875732421875,17.219699859619140625,0.829195797443389892578125">
        </Bone>
      </Part>
    </Brick>
    <Brick refID="82" designID="4740">
      <Part refID="82" designID="4740" materials="43,0" decoration="0">
        <Bone refID="82" transformation="-1,0,0,0,-0.2716864645481109619140625,0.962385833263397216796875,0,0.962385833263397216796875,0.2716864645481109619140625,5.47861003875732421875,17.132755279541015625,1.1371595859527587890625">
        </Bone>
      </Part>
    </Brick>
    <Brick refID="83" designID="2540">
      <Part refID="83" designID="2540" materials="26">
        <Bone refID="83" transformation="1,0,0,0,-0.2716864645481109619140625,0.962385833263397216796875,0,-0.962385833263397216796875,-0.2716864645481109619140625,5.078609466552734375,16.9216861724853515625,0.412558376789093017578125">
        </Bone>
      </Part>
    </Brick>
    <Brick refID="84" designID="2335">
      <Part refID="84" designID="2335" materials="26">
        <Bone refID="84" transformation="-0.1444071233272552490234375,-0.2688386738300323486328125,0.952298462390899658203125,0,0.962385833263397216796875,0.27168643474578857421875,-0.9895184040069580078125,0.0392336063086986541748046875,-0.138975203037261962890625,4.2786102294921875,16.5274143218994140625,0.226440131664276123046875">
        </Bone>
      </Part>
    </Brick>
    <Brick refID="85" designID="2335">
      <Part refID="85" designID="2335" materials="26">
        <Bone refID="85" transformation="0,-0.1015784740447998046875,0.9948275089263916015625,1,0,0,0,0.994827568531036376953125,0.1015784740447998046875,4.67861080169677734375,18.3941173553466796875,1.0859277248382568359375">
        </Bone>
      </Part>
    </Brick>
    <Brick refID="86" designID="2335">
      <Part refID="86" designID="2335" materials="26">
        <Bone refID="86" transformation="0,-0.1832025945186614990234375,0.983075201511383056640625,-1,0,0,0,-0.983075201511383056640625,-0.1832028329372406005859375,6.27860927581787109375,16.0843944549560546875,0.433879554271697998046875">
        </Bone>
      </Part>
    </Brick>
  </Bricks>
  <RigidSystems>
    <RigidSystem>
      <Rigid refID="0" transformation="-0.3916714191436767578125,-0.24998004734516143798828125,0.885496199131011962890625,0,0.962385833263397216796875,0.27168643474578857421875,-0.9201052188873291015625,0.10641188919544219970703125,-0.3769386708736419677734375,-5.321391582489013671875,15.95795440673828125,2.2435967922210693359375" boneRefs="0"/>
      <Rigid refID="1" transformation="0,0.962385833263397216796875,0.2716864645481109619140625,0,-0.271686494350433349609375,0.962385833263397216796875,1,0,0,-3.7213919162750244140625,16.439159393310546875,2.1217505931854248046875" boneRefs="1,2,3,4,5,6,7,8,9,10,11,12"/>
      <Rigid refID="2" transformation="0,0,1,0,1,0,-1,0,0,23.1199951171875,20.1599979400634765625,0.399999797344207763671875" boneRefs="13,14,15,16,17,18,19,20,21,22"/>
      <Rigid refID="3" transformation="0,0,1,1,0,0,0,1,0,22.071994781494140625,19.607997894287109375,0.069999873638153076171875" boneRefs="23,24,25,26,27,28,29"/>
      <Rigid refID="4" transformation="0,0,-1,0,1,0,1,0,0,-7.6000003814697265625,20.15999603271484375,1.2000005245208740234375" boneRefs="30,31,32,33,34,35,36,37,38,39"/>
      <Rigid refID="5" transformation="0,-0.1015785038471221923828125,0.9948275089263916015625,1,0,0,0,0.994827568531036376953125,0.101578481495380401611328125,-4.921390533447265625,17.824657440185546875,3.1030838489532470703125" boneRefs="40"/>
      <Rigid refID="6" transformation="0.4181176126003265380859375,-0.24679796397686004638671875,0.8742244243621826171875,0,-0.962385833263397216796875,-0.2716865241527557373046875,0.9083931446075439453125,0.113596715033054351806640625,-0.4023900926113128662109375,-2.9213912487030029296875,17.555515289306640625,2.6945960521697998046875" boneRefs="41"/>
      <Rigid refID="7" transformation="0,-0.962385833263397216796875,-0.2716864645481109619140625,0,-0.2716864645481109619140625,0.962385833263397216796875,-1,0,0,9.32539081573486328125,17.77852630615234375,0.321944892406463623046875" boneRefs="42,43,44,45,46,47,48,49,50,51"/>
      <Rigid refID="8" transformation="0.2500488758087158203125,-0.26305568218231201171875,0.931814014911651611328125,0,-0.962385833263397216796875,-0.2716865241527557373046875,0.9682333469390869140625,0.067934773862361907958984375,-0.24064327776432037353515625,10.925388336181640625,18.1249752044677734375,0.677439391613006591796875" boneRefs="52"/>
      <Rigid refID="9" transformation="0,-0.1015784740447998046875,0.9948275089263916015625,1,0,0,0,0.994827568531036376953125,0.1015784740447998046875,8.92538928985595703125,18.3941173553466796875,1.0859277248382568359375" boneRefs="53"/>
      <Rigid refID="10" transformation="0,-0.1832025945186614990234375,0.983075201511383056640625,-1,0,0,0,-0.983075201511383056640625,-0.1832028329372406005859375,10.52538776397705078125,16.0843944549560546875,0.433879554271697998046875" boneRefs="54"/>
      <Rigid refID="11" transformation="-0.1444071233272552490234375,-0.2688386738300323486328125,0.952298462390899658203125,0,0.962385833263397216796875,0.27168643474578857421875,-0.9895184040069580078125,0.0392336063086986541748046875,-0.138975203037261962890625,8.5253887176513671875,16.5274143218994140625,0.226440131664276123046875" boneRefs="55"/>
      <Rigid refID="12" transformation="0.4181176126003265380859375,-0.24679799377918243408203125,0.874224483966827392578125,0,-0.962385833263397216796875,-0.271686553955078125,0.9083931446075439453125,0.113596729934215545654296875,-0.40239012241363525390625,20.2053852081298828125,17.555515289306640625,2.6945955753326416015625" boneRefs="56"/>
      <Rigid refID="13" transformation="0,-0.962385833263397216796875,-0.271686494350433349609375,0,-0.271686494350433349609375,0.962385833263397216796875,-1,0,0,18.60538482666015625,17.2090663909912109375,2.3391020298004150390625" boneRefs="57,58,59,60,61,62,63,64,65,66,67,68"/>
      <Rigid refID="14" transformation="0,-0.1015785038471221923828125,0.9948275089263916015625,1,0,0,0,0.994827568531036376953125,0.1015785038471221923828125,18.2053852081298828125,17.824657440185546875,3.1030838489532470703125" boneRefs="69"/>
      <Rigid refID="15" transformation="-0.391671359539031982421875,-0.24998004734516143798828125,0.88549625873565673828125,0,0.962385833263397216796875,0.2716864645481109619140625,-0.9201052188873291015625,0.106411896646022796630859375,-0.37693870067596435546875,17.8053836822509765625,15.95795440673828125,2.2435963153839111328125" boneRefs="70"/>
      <Rigid refID="16" transformation="0,-0.58826744556427001953125,0.8086664676666259765625,-1,0,0,0,-0.8086664676666259765625,-0.588267385959625244140625,19.8053836822509765625,15.51493358612060546875,2.4510357379913330078125" boneRefs="71"/>
      <Rigid refID="17" transformation="0,-0.588267385959625244140625,0.8086664676666259765625,-1,0,0,0,-0.808666527271270751953125,-0.588267385959625244140625,-3.321392059326171875,15.51493358612060546875,2.4510362148284912109375" boneRefs="72"/>
      <Rigid refID="18" transformation="0.2500488758087158203125,-0.26305568218231201171875,0.931814014911651611328125,0,-0.962385833263397216796875,-0.2716865241527557373046875,0.9682333469390869140625,0.067934773862361907958984375,-0.24064327776432037353515625,6.6786098480224609375,18.1249752044677734375,0.677439391613006591796875" boneRefs="73"/>
      <Rigid refID="19" transformation="0,0.962385833263397216796875,0.2716864645481109619140625,0,-0.2716864645481109619140625,0.962385833263397216796875,1,0,0,5.8786106109619140625,17.0086212158203125,0.1045935153961181640625" boneRefs="74,75,76,77,78,79,80,81,82,83"/>
      <Rigid refID="20" transformation="-0.1444071233272552490234375,-0.2688386738300323486328125,0.952298462390899658203125,0,0.962385833263397216796875,0.27168643474578857421875,-0.9895184040069580078125,0.0392336063086986541748046875,-0.138975203037261962890625,4.2786102294921875,16.5274143218994140625,0.226440131664276123046875" boneRefs="84"/>
      <Rigid refID="21" transformation="0,-0.1015784740447998046875,0.9948275089263916015625,1,0,0,0,0.994827568531036376953125,0.1015784740447998046875,4.67861080169677734375,18.3941173553466796875,1.0859277248382568359375" boneRefs="85"/>
      <Rigid refID="22" transformation="0,-0.1832025945186614990234375,0.983075201511383056640625,-1,0,0,0,-0.983075201511383056640625,-0.1832028329372406005859375,6.27860927581787109375,16.0843944549560546875,0.433879554271697998046875" boneRefs="86"/>
      <Joint type="hinge">
        <RigidRef rigidRef="1" a="-1,0,0" z="0,0,1" t="-0.4000017642974853515625,0.24800251424312591552734375,-1.59999942779541015625"/>
        <RigidRef rigidRef="0" a="0,-1,0" z="0,0,1" t="0,0.02999968826770782470703125,0"/>
      </Joint>
      <Joint type="hinge">
        <RigidRef rigidRef="3" a="0,-1,0" z="0,0,1" t="0.4000008404254913330078125,-26.7533855438232421875,-1.0399992465972900390625"/>
        <RigidRef rigidRef="1" a="0,0,-1" z="0,1,0" t="1.6000082492828369140625,-2.167996883392333984375,-0.95999896526336669921875"/>
      </Joint>
      <Joint type="hinge">
        <RigidRef rigidRef="5" a="0,-1,0" z="0,0,1" t="0,0,0"/>
        <RigidRef rigidRef="1" a="0,0,-1" z="-1,0,0" t="1.60000026226043701171875,0.56800174713134765625,-1.199998378753662109375"/>
      </Joint>
      <Joint type="hinge">
        <RigidRef rigidRef="6" a="0,-1,0" z="0,0,1" t="0,0.029999829828739166259765625,0"/>
        <RigidRef rigidRef="1" a="1,0,0" z="0,0,-1" t="1.19999992847442626953125,0.2479999959468841552734375,0.800000011920928955078125"/>
      </Joint>
      <Joint type="hinge">
        <RigidRef rigidRef="17" a="0,-1,0" z="0,0,1" t="0,0,0"/>
        <RigidRef rigidRef="1" a="0,0,1" z="1,0,0" t="-0.799995124340057373046875,0.568000018596649169921875,0.3999998569488525390625"/>
      </Joint>
      <Joint type="hinge">
        <RigidRef rigidRef="3" a="-1,0,0" z="0,-1,0" t="-0.07000003755092620849609375,0.2479999959468841552734375,0.800000011920928955078125"/>
        <RigidRef rigidRef="2" a="-1,0,0" z="0,0,1" t="-0.39999997615814208984375,0.2479999959468841552734375,0.800000011920928955078125"/>
      </Joint>
      <Joint type="hinge">
        <RigidRef rigidRef="4" a="1,0,0" z="0,0,1" t="0.4899997711181640625,0.24799998104572296142578125,0.800000011920928955078125"/>
        <RigidRef rigidRef="3" a="-1,0,0" z="0,-1,0" t="0.64000093936920166015625,-28.8719959259033203125,0.799998104572296142578125"/>
      </Joint>
      <Joint type="hinge">
        <RigidRef rigidRef="7" a="0,0,1" z="1,0,0" t="-0.80000197887420654296875,-0.0719987452030181884765625,0.1600009500980377197265625"/>
        <RigidRef rigidRef="3" a="0,-1,0" z="0,0,1" t="0.4000007808208465576171875,-12.906604766845703125,-1.0400011539459228515625"/>
      </Joint>
      <Joint type="hinge">
