<?xml version="1.0" encoding="UTF-8" standalone="no" ?>
<LXFML versionMajor="5" versionMinor="0" name="grip-baby-bagged">
  <Meta>
    <Application name="LEGO Digital Designer" versionMajor="4" versionMinor="3"/>
    <Brand name="LDDExtended"/>
    <BrickSet version="1564.2"/>
  </Meta>
  <Cameras>
    <Camera refID="0" fieldOfView="80" distance="80.50567626953125" transformation="0.96442139148712158203125,0,-0.264369785785675048828125,-0.1877220571041107177734375,0.70412731170654296875,-0.684810340404510498046875,0.1861499845981597900390625,0.710073769092559814453125,0.679075419902801513671875,14.9861297607421875,57.16497039794921875,54.66942596435546875"/>
  </Cameras>
  <Bricks cameraRef="0">
    <Brick refID="0" designID="2335">
      <Part refID="0" designID="2335" materials="26">
        <Bone refID="0" transformation="-0.5723702907562255859375,-0.108977258205413818359375,0.812721073627471923828125,0,-0.99112927913665771484375,-0.1328998506069183349609375,0.81999552249908447265625,-0.07606793940067291259765625,0.567292869091033935546875,6.869999408721923828125,9.417461395263671875,-0.2130539417266845703125">
        </Bone>
      </Part>
    </Brick>
    <Brick refID="1" designID="2540">
      <Part refID="1" designID="2540" materials="26">
        <Bone refID="1" transformation="0.99999988079071044921875,0,0,0,0.13289986550807952880859375,-0.991129398345947265625,0,0.991129219532012939453125,0.13289992511272430419921875,7.669998645782470703125,9.0008449554443359375,-0.3415636122226715087890625">
        </Bone>
      </Part>
    </Brick>
    <Brick refID="2" designID="92947">
      <Part refID="2" designID="92947" materials="26">
        <Bone refID="2" transformation="0,-0.991129219532012939453125,-0.13289992511272430419921875,0,0.1328998506069183349609375,-0.99112951755523681640625,0.99999988079071044921875,0,0,8.46999835968017578125,9.04337787628173828125,-0.658722817897796630859375">
        </Bone>
      </Part>
    </Brick>
    <Brick refID="3" designID="2540">
      <Part refID="3" designID="2540" materials="26">
        <Bone refID="3" transformation="-0.99999988079071044921875,0,0,0,0.13289986550807952880859375,-0.991129398345947265625,0,-0.991129219532012939453125,-0.13289992511272430419921875,8.4699993133544921875,8.2079486846923828125,-0.447881281375885009765625">
        </Bone>
      </Part>
    </Brick>
    <Brick refID="4" designID="2412">
      <Part refID="4" designID="2412" materials="26">
        <Bone refID="4" transformation="0.99999988079071044921875,0,0,0,0.1328998506069183349609375,-0.99112951755523681640625,0,0.991129219532012939453125,0.13289992511272430419921875,7.6699981689453125,9.17096233367919921875,-1.61020696163177490234375">
        </Bone>
      </Part>
    </Brick>
    <Brick refID="5" designID="2412">
      <Part refID="5" designID="2412" materials="26">
        <Bone refID="5" transformation="0.99999988079071044921875,0,0,0,0.1328998506069183349609375,-0.99112951755523681640625,0,0.991129219532012939453125,0.13289992511272430419921875,7.6699981689453125,8.37805843353271484375,-1.7165267467498779296875">
        </Bone>
      </Part>
    </Brick>
    <Brick refID="6" designID="2540">
      <Part refID="6" designID="2540" materials="26">
        <Bone refID="6" transformation="0,0.991129219532012939453125,0.13289992511272430419921875,0,0.13289986550807952880859375,-0.991129398345947265625,-0.99999988079071044921875,0,0,7.669998645782470703125,8.1654148101806640625,-0.13071954250335693359375">
        </Bone>
      </Part>
    </Brick>
    <Brick refID="7" designID="4032">
      <Part refID="7" designID="4032" materials="315">
        <Bone refID="7" transformation="0,0.991129219532012939453125,0.13289992511272430419921875,0,0.13289986550807952880859375,-0.991129398345947265625,-0.99999988079071044921875,0,0,7.669998645782470703125,8.12288665771484375,0.186442434787750244140625">
        </Bone>
      </Part>
    </Brick>
    <Brick refID="8" designID="2540">
      <Part refID="8" designID="2540" materials="26">
        <Bone refID="8" transformation="0,-0.991129219532012939453125,-0.13289992511272430419921875,0,0.13289986550807952880859375,-0.991129398345947265625,0.99999988079071044921875,0,0,8.46999645233154296875,8.9583148956298828125,-0.024403341114521026611328125">
        </Bone>
      </Part>
    </Brick>
    <Brick refID="9" designID="4740">
      <Part refID="9" designID="4740" materials="309,0" decoration="0">
        <Bone refID="9" transformation="0,0.991129219532012939453125,0.1328999102115631103515625,0,0.13289986550807952880859375,-0.991129398345947265625,-0.99999988079071044921875,0,0,8.07000064849853515625,8.476810455322265625,0.556763589382171630859375">
        </Bone>
      </Part>
    </Brick>
    <Brick refID="10" designID="6141">
      <Part refID="10" designID="6141" materials="44">
        <Bone refID="10" transformation="0.99999988079071044921875,0,0,0,0.13289986550807952880859375,-0.991129398345947265625,0,0.991129219532012939453125,0.13289989531040191650390625,8.06999969482421875,8.43428325653076171875,0.87392485141754150390625">
        </Bone>
      </Part>
    </Brick>
    <Brick refID="11" designID="2335">
      <Part refID="11" designID="2335" materials="26">
        <Bone refID="11" transformation="0,-0.557531416416168212890625,0.83015573024749755859375,0.99999988079071044921875,0,0,0,0.830155670642852783203125,0.5575313568115234375,7.269999980926513671875,7.447997570037841796875,-0.800001621246337890625">
        </Bone>
      </Part>
    </Brick>
    <Brick refID="12" designID="2335">
      <Part refID="12" designID="2335" materials="26">
        <Bone refID="12" transformation="0,0.60686016082763671875,0.79480850696563720703125,-0.99999988079071044921875,0,0,0,-0.79480838775634765625,0.60686028003692626953125,8.869998931884765625,9.8267059326171875,-0.48104381561279296875">
        </Bone>
      </Part>
    </Brick>
    <Brick refID="13" designID="2335">
      <Part refID="13" designID="2335" materials="26">
        <Bone refID="13" transformation="0.517793178558349609375,-0.113696515560150146484375,0.84791696071624755859375,0,0.99112927913665771484375,0.132899940013885498046875,-0.8555057048797607421875,-0.068814814090728759765625,0.51320016384124755859375,9.2699985504150390625,7.77218532562255859375,-0.4336681365966796875">
        </Bone>
      </Part>
    </Brick>
    <Brick refID="14" designID="61252">
      <Part refID="14" designID="61252" materials="26">
        <Bone refID="14" transformation="1,0,0,0,1,0,0,0,1,8,7.200000762939453125,-1.600000858306884765625">
        </Bone>
      </Part>
    </Brick>
    <Brick refID="15" designID="85861">
      <Part refID="15" designID="85861" materials="26">
        <Bone refID="15" transformation="1,0,0,0,1,0,0,0,1,8,6.880000591278076171875,-1.6000003814697265625">
        </Bone>
      </Part>
    </Brick>
    <Brick refID="16" designID="3031">
      <Part refID="16" designID="3031" materials="5">
        <Bone refID="16" transformation="1,0,0,0,1,0,0,0,1,6.80000019073486328125,0,-0.4000000059604644775390625">
        </Bone>
      </Part>
    </Brick>
    <Brick refID="17" designID="6143">
      <Part refID="17" designID="6143" materials="21">
        <Bone refID="17" transformation="1,0,0,0,1,0,0,0,1,7.6000003814697265625,0.319999992847442626953125,-1.2000000476837158203125">
        </Bone>
      </Part>
    </Brick>
    <Brick refID="18" designID="3023">
      <Part refID="18" designID="3023" materials="21">
        <Bone refID="18" transformation="1,0,0,0,1,0,0,0,1,7.6000003814697265625,1.2799999713897705078125,-2">
        </Bone>
      </Part>
    </Brick>
    <Brick refID="19" designID="48336">
      <Part refID="19" designID="48336" materials="26">
        <Bone refID="19" transformation="1,0,0,0,1,0,0,0,1,7.6000003814697265625,1.2799999713897705078125,-1.20000016689300537109375">
        </Bone>
      </Part>
    </Brick>
    <Brick refID="20" designID="87580">
      <Part refID="20" designID="87580" materials="21">
        <Bone refID="20" transformation="1,0,0,0,1,0,0,0,1,7.6000003814697265625,1.599999904632568359375,-1.2000000476837158203125">
        </Bone>
      </Part>
    </Brick>
    <Brick refID="21" designID="4095">
      <Part refID="21" designID="4095" materials="26">
        <Bone refID="21" transformation="1,0,0,0,-1,0,0,0,-1,8,7.22000026702880859375,-1.6000006198883056640625">
        </Bone>
      </Part>
    </Brick>
  </Bricks>
  <RigidSystems>
    <RigidSystem>
      <Rigid refID="0" transformation="-0.5723702907562255859375,-0.108977258205413818359375,0.812721073627471923828125,0,-0.99112927913665771484375,-0.1328998506069183349609375,0.81999552249908447265625,-0.07606793940067291259765625,0.567292869091033935546875,6.869999408721923828125,9.417461395263671875,-0.2130539417266845703125" boneRefs="0"/>
      <Rigid refID="1" transformation="0.99999988079071044921875,0,0,0,0.13289986550807952880859375,-0.991129398345947265625,0,0.991129219532012939453125,0.13289992511272430419921875,7.669998645782470703125,9.0008449554443359375,-0.3415636122226715087890625" boneRefs="1,2,3,4,5,6,7,8,9,10"/>
      <Rigid refID="2" transformation="0,-0.557531416416168212890625,0.83015573024749755859375,0.99999988079071044921875,0,0,0,0.830155670642852783203125,0.5575313568115234375,7.269999980926513671875,7.447997570037841796875,-0.800001621246337890625" boneRefs="11"/>
      <Rigid refID="3" transformation="0,0.60686016082763671875,0.79480850696563720703125,-0.99999988079071044921875,0,0,0,-0.79480838775634765625,0.60686028003692626953125,8.869998931884765625,9.8267059326171875,-0.48104381561279296875" boneRefs="12"/>
      <Rigid refID="4" transformation="0.517793178558349609375,-0.113696515560150146484375,0.84791696071624755859375,0,0.99112927913665771484375,0.132899940013885498046875,-0.8555057048797607421875,-0.068814814090728759765625,0.51320016384124755859375,9.2699985504150390625,7.77218532562255859375,-0.4336681365966796875" boneRefs="13"/>
      <Rigid refID="5" transformation="1,0,0,0,1,0,0,0,1,8,7.200000762939453125,-1.600000858306884765625" boneRefs="14,15"/>
      <Rigid refID="6" transformation="1,0,0,0,1,0,0,0,1,6.80000019073486328125,0,-0.4000000059604644775390625" boneRefs="16,17,18,19,20,21"/>
      <Joint type="hinge">
        <RigidRef rigidRef="1" a="0,0,1" z="1,0,0" t="-0.800000011920928955078125,-0.0720023810863494873046875,0.400001943111419677734375"/>
        <RigidRef rigidRef="0" a="0,-1,0" z="0,0,1" t="0,0.02999789454042911529541015625,0"/>
      </Joint>
      <Joint type="hinge">
        <RigidRef rigidRef="1" a="-1,0,0" z="0,0,1" t="-0.39999878406524658203125,0.24799855053424835205078125,-1.59999310970306396484375"/>
        <RigidRef rigidRef="2" a="0,-1,0" z="0,0,1" t="0,0,0"/>
      </Joint>
      <Joint type="hinge">
        <RigidRef rigidRef="1" a="1,0,0" z="0,0,-1" t="1.19999980926513671875,0.2479999959468841552734375,0.800000011920928955078125"/>
        <RigidRef rigidRef="3" a="0,-1,0" z="0,0,1" t="0,0,0"/>
      </Joint>
      <Joint type="hinge">
        <RigidRef rigidRef="4" a="0,-1,0" z="0,0,1" t="0,0.02999887056648731231689453125,0"/>
        <RigidRef rigidRef="1" a="0,0,-1" z="-1,0,0" t="1.5999982357025146484375,-0.0719991624355316162109375,-1.20000183582305908203125"/>
      </Joint>
      <Joint type="hinge">
        <RigidRef rigidRef="1" a="1,0,0" z="0,0,-1" t="0.4900014102458953857421875,0.24799855053424835205078125,-1.59999310970306396484375"/>
        <RigidRef rigidRef="5" a="1,0,0" z="0,1,0" t="0.1599999964237213134765625,0.2479999959468841552734375,0.800000011920928955078125"/>
      </Joint>
      <Joint type="hinge">
        <RigidRef rigidRef="5" a="0,-1,0" z="1,0,0" t="0,-0.10999999940395355224609375,0"/>
        <RigidRef rigidRef="6" a="0,-1,0" z="-1,0,0" t="1.19999980926513671875,7.090000629425048828125,-1.20000064373016357421875"/>
      </Joint>
    </RigidSystem>
  </RigidSystems>
  <GroupSystems>
    <GroupSystem>
    </GroupSystem>
  </GroupSystems>
  <BuildingInstructions>
  </BuildingInstructions>
</LXFML>
