<?xml version="1.0" encoding="UTF-8" standalone="no" ?>
<LXFML versionMajor="5" versionMinor="0" name="MODIFY FEET grip-rigged-lights">
  <Meta>
    <Application name="LEGO Digital Designer" versionMajor="4" versionMinor="3"/>
    <Brand name="LDDExtended"/>
    <BrickSet version="2075"/>
  </Meta>
  <Cameras>
    <Camera refID="0" fieldOfView="80" distance="83.3572998046875" transformation="0.86538493633270263671875,0,-0.5011074542999267578125,-0.09112362563610076904296875,0.983327209949493408203125,-0.1573654711246490478515625,0.4927526414394378662109375,0.18184445798397064208984375,0.8509566783905029296875,58.47991180419921875,31.772556304931640625,79.9152679443359375"/>
  </Cameras>
  <Bricks cameraRef="0">
    <Brick refID="0" designID="3298">
      <Part refID="0" designID="3298" materials="26">
        <Bone refID="0" transformation="-1,0,0,0,1,0,0,0,-1,-9.200000762939453125,0.3200000822544097900390625,6.0000019073486328125">
        </Bone>
      </Part>
    </Brick>
    <Brick refID="1" designID="3021">
      <Part refID="1" designID="3021" materials="26">
        <Bone refID="1" transformation="0,0,1,0,1,0,-1,0,0,-10.00000095367431640625,0,4.40000152587890625">
        </Bone>
      </Part>
    </Brick>
    <Brick refID="2" designID="3023">
      <Part refID="2" designID="3023" materials="26">
        <Bone refID="2" transformation="1,0,0,0,1,0,0,0,1,-10.00000095367431640625,1.2799999713897705078125,6.0000019073486328125">
        </Bone>
      </Part>
    </Brick>
    <Brick refID="3" designID="2335">
      <Part refID="3" designID="2335" materials="26">
        <Bone refID="3" transformation="-0.3916715085506439208984375,-0.24998004734516143798828125,0.8854961395263671875,0,0.962385833263397216796875,0.27168643474578857421875,-0.920105278491973876953125,0.1064119040966033935546875,-0.37693881988525390625,-6.921391963958740234375,16.5979557037353515625,8.64359760284423828125">
        </Bone>
      </Part>
    </Brick>
    <Brick refID="4" designID="2540">
      <Part refID="4" designID="2540" materials="26">
        <Bone refID="4" transformation="0,0.962385833263397216796875,0.2716864645481109619140625,0,-0.271686494350433349609375,0.962385833263397216796875,1,0,0,-5.321392536163330078125,17.0791606903076171875,8.52175140380859375">
        </Bone>
      </Part>
    </Brick>
    <Brick refID="5" designID="6143">
      <Part refID="5" designID="6143" materials="26">
        <Bone refID="5" transformation="0,-0.962385833263397216796875,-0.2716864645481109619140625,0,-0.271686494350433349609375,0.962385833263397216796875,-1,0,0,-6.12139225006103515625,18.109893798828125,7.815216064453125">
        </Bone>
      </Part>
    </Brick>
    <Brick refID="6" designID="2540">
      <Part refID="6" designID="2540" materials="26">
        <Bone refID="6" transformation="0,-0.962385833263397216796875,-0.2716864645481109619140625,0,-0.271686494350433349609375,0.962385833263397216796875,-1,0,0,-6.12139225006103515625,17.84906768798828125,8.73910236358642578125">
        </Bone>
      </Part>
    </Brick>
    <Brick refID="7" designID="32062">
      <Part refID="7" designID="32062" materials="21">
        <Bone refID="7" transformation="0,0.962385833263397216796875,0.271686553955078125,1,0,0,0,0.2716865837574005126953125,-0.962385833263397216796875,-5.721392154693603515625,17.964023590087890625,6.85963916778564453125">
        </Bone>
      </Part>
    </Brick>
    <Brick refID="8" designID="6143">
      <Part refID="8" designID="6143" materials="26">
        <Bone refID="8" transformation="0,-0.962385833263397216796875,-0.2716864645481109619140625,0,0.271686494350433349609375,-0.962385833263397216796875,1,0,0,-5.321391582489013671875,18.109893798828125,7.81521511077880859375">
        </Bone>
      </Part>
    </Brick>
    <Brick refID="9" designID="60470">
      <Part refID="9" designID="60470" materials="26">
        <Bone refID="9" transformation="1,0,0,0,0.271686494350433349609375,-0.962385833263397216796875,0,0.962385833263397216796875,0.2716864645481109619140625,-6.12139129638671875,18.3707141876220703125,6.8913249969482421875">
        </Bone>
      </Part>
    </Brick>
    <Brick refID="10" designID="98100">
      <Part refID="10" designID="98100" materials="26,0" decoration="0">
        <Bone refID="10" transformation="-1,0,0,0,0.271686494350433349609375,-0.962385833263397216796875,0,-0.962385833263397216796875,-0.2716864645481109619140625,-5.32139110565185546875,17.6877384185791015625,6.36600780487060546875">
        </Bone>
      </Part>
    </Brick>
    <Brick refID="11" designID="48336">
      <Part refID="11" designID="48336" materials="26">
        <Bone refID="11" transformation="-1,0,0,0,0.271686494350433349609375,-0.962385833263397216796875,0,-0.962385833263397216796875,-0.2716864645481109619140625,-5.321391582489013671875,17.6008014678955078125,6.6739749908447265625">
        </Bone>
      </Part>
    </Brick>
    <Brick refID="12" designID="4032">
      <Part refID="12" designID="4032" materials="24">
        <Bone refID="12" transformation="0,-0.962385952472686767578125,-0.27168643474578857421875,0,-0.2716864645481109619140625,0.962385833263397216796875,-1,0,0,-6.1213932037353515625,17.675197601318359375,9.3550281524658203125">
        </Bone>
      </Part>
    </Brick>
    <Brick refID="13" designID="6141">
      <Part refID="13" designID="6141" materials="24">
        <Bone refID="13" transformation="0,-0.962385833263397216796875,-0.2716864049434661865234375,0,-0.27168643474578857421875,0.962385714054107666015625,-1,0,0,-5.721393108367919921875,17.203304290771484375,9.55431461334228515625">
        </Bone>
      </Part>
    </Brick>
    <Brick refID="14" designID="4740">
      <Part refID="14" designID="4740" materials="43,0" decoration="0">
        <Bone refID="14" transformation="-1,0,0,0,-0.27168643474578857421875,0.962385714054107666015625,0,0.962385833263397216796875,0.2716864049434661865234375,-5.72139263153076171875,17.1163482666015625,9.8622798919677734375">
        </Bone>
      </Part>
    </Brick>
    <Brick refID="15" designID="2540">
      <Part refID="15" designID="2540" materials="26">
        <Bone refID="15" transformation="-1,0,0,0,-0.271686494350433349609375,0.962385833263397216796875,0,0.962385833263397216796875,0.27168643474578857421875,-5.321392059326171875,17.7621288299560546875,9.0470676422119140625">
        </Bone>
      </Part>
    </Brick>
    <Brick refID="16" designID="2540">
      <Part refID="16" designID="2540" materials="26">
        <Bone refID="16" transformation="1,0,0,0,-0.271686494350433349609375,0.962385833263397216796875,0,-0.962385833263397216796875,-0.27168643474578857421875,-6.121392726898193359375,16.99222564697265625,8.82971668243408203125">
        </Bone>
      </Part>
    </Brick>
    <Brick refID="17" designID="60470">
      <Part refID="17" designID="60470" materials="26">
        <Bone refID="17" transformation="0,0,1,1,0,0,0,1,0,20.4719944000244140625,20.2479991912841796875,6.4700031280517578125">
        </Bone>
      </Part>
    </Brick>
    <Brick refID="18" designID="58827">
      <Part refID="18" designID="58827" materials="26">
        <Bone refID="18" transformation="0,1,0,1,0,0,0,0,-1,10.8719959259033203125,19.447998046875,6.470002651214599609375">
        </Bone>
      </Part>
    </Brick>
    <Brick refID="19" designID="58827">
      <Part refID="19" designID="58827" materials="26">
        <Bone refID="19" transformation="0,1,0,1,0,0,0,0,-1,1.2719974517822265625,19.447998046875,6.47000217437744140625">
        </Bone>
      </Part>
    </Brick>
    <Brick refID="20" designID="58827">
      <Part refID="20" designID="58827" materials="26">
        <Bone refID="20" transformation="0,1,0,1,0,0,0,0,-1,-8.3280010223388671875,19.4479999542236328125,6.470001220703125">
        </Bone>
      </Part>
    </Brick>
    <Brick refID="21" designID="60470">
      <Part refID="21" designID="60470" materials="26">
        <Bone refID="21" transformation="0,0,1,1,0,0,0,1,0,-8.6480007171630859375,20.247997283935546875,6.470001220703125">
        </Bone>
      </Part>
    </Brick>
    <Brick refID="22" designID="3023">
      <Part refID="22" designID="3023" materials="26">
        <Bone refID="22" transformation="0,0,-1,1,0,0,0,-1,0,20.4719944000244140625,19.447998046875,7.27000331878662109375">
        </Bone>
      </Part>
    </Brick>
    <Brick refID="23" designID="3023">
      <Part refID="23" designID="3023" materials="26">
        <Bone refID="23" transformation="0,0,1,1,0,0,0,1,0,-8.6480007171630859375,19.4479999542236328125,6.470000743865966796875">
        </Bone>
      </Part>
    </Brick>
    <Brick refID="24" designID="2540">
      <Part refID="24" designID="2540" materials="26">
        <Bone refID="24" transformation="0,0.962385833263397216796875,0.2716864645481109619140625,0,-0.2716864645481109619140625,0.962385833263397216796875,1,0,0,4.2786102294921875,17.6486225128173828125,6.504595279693603515625">
        </Bone>
      </Part>
    </Brick>
    <Brick refID="25" designID="63868">
      <Part refID="25" designID="63868" materials="26">
        <Bone refID="25" transformation="0,-0.962385833263397216796875,-0.2716864645481109619140625,0,-0.2716864645481109619140625,0.962385833263397216796875,-1,0,0,4.27860736846923828125,18.50547027587890625,6.413984775543212890625">
        </Bone>
      </Part>
    </Brick>
    <Brick refID="26" designID="92947">
      <Part refID="26" designID="92947" materials="26">
        <Bone refID="26" transformation="0,-0.962385833263397216796875,-0.271686494350433349609375,0,-0.271686494350433349609375,0.962385833263397216796875,-1,0,0,3.478607654571533203125,18.7662868499755859375,5.490094661712646484375">
        </Bone>
      </Part>
    </Brick>
    <Brick refID="27" designID="2540">
      <Part refID="27" designID="2540" materials="26">
        <Bone refID="27" transformation="0,-0.962385833263397216796875,-0.2716864645481109619140625,0,-0.2716864645481109619140625,0.962385833263397216796875,-1,0,0,3.47861194610595703125,18.4185276031494140625,6.721946239471435546875">
        </Bone>
      </Part>
    </Brick>
    <Brick refID="28" designID="63868">
      <Part refID="28" designID="63868" materials="26">
        <Bone refID="28" transformation="0,-0.962385833263397216796875,-0.271686494350433349609375,0,-0.2716864645481109619140625,0.962385833263397216796875,-1,0,0,3.478610992431640625,18.5054683685302734375,6.413984775543212890625">
        </Bone>
      </Part>
    </Brick>
    <Brick refID="29" designID="2654">
      <Part refID="29" designID="2654" materials="26">
        <Bone refID="29" transformation="-1,0,0,0,-0.2716864645481109619140625,0.962385833263397216796875,0,0.962385833263397216796875,0.2716864645481109619140625,4.278608798980712890625,18.766292572021484375,5.49009037017822265625">
        </Bone>
      </Part>
    </Brick>
    <Brick refID="30" designID="4032">
      <Part refID="30" designID="4032" materials="24">
        <Bone refID="30" transformation="0,-0.962385833263397216796875,-0.27168643474578857421875,0,-0.27168643474578857421875,0.962385833263397216796875,-1,0,0,3.4786102771759033203125,18.2446498870849609375,7.3378734588623046875">
        </Bone>
      </Part>
    </Brick>
    <Brick refID="31" designID="6141">
      <Part refID="31" designID="6141" materials="24">
        <Bone refID="31" transformation="0,-0.962385714054107666015625,-0.2716864049434661865234375,0,-0.2716864049434661865234375,0.962385714054107666015625,-1,0,0,3.8786106109619140625,17.7727565765380859375,7.53715991973876953125">
        </Bone>
      </Part>
    </Brick>
    <Brick refID="32" designID="4740">
      <Part refID="32" designID="4740" materials="43,0" decoration="0">
        <Bone refID="32" transformation="-1,0,0,0,-0.2716864049434661865234375,0.962385714054107666015625,0,0.962385714054107666015625,0.2716864049434661865234375,3.8786106109619140625,17.6858005523681640625,7.8451251983642578125">
        </Bone>
      </Part>
    </Brick>
    <Brick refID="33" designID="2540">
      <Part refID="33" designID="2540" materials="26">
        <Bone refID="33" transformation="-1,0,0,0,-0.2716864645481109619140625,0.962385833263397216796875,0,0.962385833263397216796875,0.2716864645481109619140625,4.2786102294921875,18.3315887451171875,7.02991199493408203125">
        </Bone>
      </Part>
    </Brick>
    <Brick refID="34" designID="2540">
      <Part refID="34" designID="2540" materials="26">
        <Bone refID="34" transformation="1,0,0,0,-0.2716864645481109619140625,0.962385833263397216796875,0,-0.962385833263397216796875,-0.2716864645481109619140625,3.4786090850830078125,17.5616817474365234375,6.812559604644775390625">
        </Bone>
      </Part>
    </Brick>
    <Brick refID="35" designID="2335">
      <Part refID="35" designID="2335" materials="26">
        <Bone refID="35" transformation="0,-0.1832025945186614990234375,0.983075201511383056640625,-1,0,0,0,-0.983075201511383056640625,-0.1832028329372406005859375,4.67860889434814453125,16.724395751953125,6.833881378173828125">
        </Bone>
      </Part>
    </Brick>
    <Brick refID="36" designID="2335">
      <Part refID="36" designID="2335" materials="26">
        <Bone refID="36" transformation="0,-0.10157848894596099853515625,0.99482762813568115234375,1,0,0,0,0.994827568531036376953125,0.1015784740447998046875,3.07861042022705078125,19.03411865234375,7.4859294891357421875">
        </Bone>
      </Part>
    </Brick>
    <Brick refID="37" designID="2335">
      <Part refID="37" designID="2335" materials="26">
        <Bone refID="37" transformation="-0.144407212734222412109375,-0.2688386738300323486328125,0.952298462390899658203125,0,0.962385833263397216796875,0.27168643474578857421875,-0.9895184040069580078125,0.0392336063086986541748046875,-0.13897530734539031982421875,2.6786098480224609375,17.167415618896484375,6.626441478729248046875">
        </Bone>
      </Part>
    </Brick>
    <Brick refID="38" designID="2335">
      <Part refID="38" designID="2335" materials="26">
        <Bone refID="38" transformation="0.2500487864017486572265625,-0.26305568218231201171875,0.931814014911651611328125,0,-0.962385833263397216796875,-0.2716865241527557373046875,0.9682333469390869140625,0.067934773862361907958984375,-0.24064318835735321044921875,5.078609466552734375,18.76497650146484375,7.07744121551513671875">
        </Bone>
      </Part>
    </Brick>
    <Brick refID="39" designID="2412">
      <Part refID="39" designID="2412" materials="26">
        <Bone refID="39" transformation="1,0,0,0,1,0,0,0,1,21.5199947357177734375,21.1199970245361328125,7.600002288818359375">
        </Bone>
      </Part>
    </Brick>
    <Brick refID="40" designID="2412">
      <Part refID="40" designID="2412" materials="26">
        <Bone refID="40" transformation="-1,0,0,0,1,0,0,0,-1,22.3199939727783203125,21.119998931884765625,6.8000030517578125">
        </Bone>
      </Part>
    </Brick>
    <Brick refID="41" designID="4519">
      <Part refID="41" designID="4519" materials="26">
        <Bone refID="41" transformation="1,0,0,0,0,-1,0,1,0,21.91149139404296875,2.7200069427490234375,7.207452297210693359375">
        </Bone>
      </Part>
    </Brick>
    <Brick refID="42" designID="6143">
      <Part refID="42" designID="6143" materials="26">
        <Bone refID="42" transformation="1,0,0,0,1,0,0,0,1,21.51999664306640625,0.3200061321258544921875,7.600002765655517578125">
        </Bone>
      </Part>
    </Brick>
    <Brick refID="43" designID="3709">
      <Part refID="43" designID="3709" materials="26">
        <Bone refID="43" transformation="1,0,0,0,1,0,0,0,1,20.7199954986572265625,1.28000605106353759765625,7.600002765655517578125">
        </Bone>
      </Part>
    </Brick>
    <Brick refID="44" designID="3298">
      <Part refID="44" designID="3298" materials="26">
        <Bone refID="44" transformation="0,0,1,0,1,0,-1,0,0,20.719997406005859375,0.3200061321258544921875,6.8000030517578125">
        </Bone>
      </Part>
    </Brick>
    <Brick refID="45" designID="3298">
      <Part refID="45" designID="3298" materials="26">
        <Bone refID="45" transformation="0,0,-1,0,1,0,1,0,0,23.1199951171875,0.3200061321258544921875,7.600002765655517578125">
        </Bone>
      </Part>
    </Brick>
    <Brick refID="46" designID="3034">
      <Part refID="46" designID="3034" materials="26">
        <Bone refID="46" transformation="1,0,0,0,1,0,0,0,1,19.1199951171875,0,7.600002765655517578125">
        </Bone>
      </Part>
    </Brick>
    <Brick refID="47" designID="2540">
      <Part refID="47" designID="2540" materials="26">
        <Bone refID="47" transformation="0,0,1,0,1,0,-1,0,0,21.5199947357177734375,20.799999237060546875,6.8000030517578125">
        </Bone>
      </Part>
    </Brick>
    <Brick refID="48" designID="58827">
      <Part refID="48" designID="58827" materials="26">
        <Bone refID="48" transformation="0,0,1,0,1,0,-1,0,0,21.5199947357177734375,11.2000026702880859375,6.8000030517578125">
        </Bone>
      </Part>
    </Brick>
    <Brick refID="49" designID="3023">
      <Part refID="49" designID="3023" materials="26">
        <Bone refID="49" transformation="0,0,1,0,1,0,-1,0,0,22.3199939727783203125,20.799999237060546875,6.8000030517578125">
        </Bone>
      </Part>
    </Brick>
    <Brick refID="50" designID="58827">
      <Part refID="50" designID="58827" materials="26">
        <Bone refID="50" transformation="0,0,1,0,1,0,-1,0,0,21.5199947357177734375,1.600006103515625,6.8000030517578125">
        </Bone>
      </Part>
    </Brick>
    <Brick refID="51" designID="2540">
      <Part refID="51" designID="2540" materials="26">
        <Bone refID="51" transformation="0,-0.962385833263397216796875,-0.271686494350433349609375,0,-0.271686494350433349609375,0.962385833263397216796875,-1,0,0,17.0053844451904296875,17.84906768798828125,8.739105224609375">
        </Bone>
      </Part>
    </Brick>
    <Brick refID="52" designID="6143">
      <Part refID="52" designID="6143" materials="26">
        <Bone refID="52" transformation="0,-0.962385833263397216796875,-0.271686494350433349609375,0,-0.271686494350433349609375,0.962385833263397216796875,-1,0,0,17.0053844451904296875,18.109893798828125,7.815211772918701171875">
        </Bone>
      </Part>
    </Brick>
    <Brick refID="53" designID="2540">
      <Part refID="53" designID="2540" materials="26">
        <Bone refID="53" transformation="0,0.962385833263397216796875,0.271686494350433349609375,0,-0.271686494350433349609375,0.962385833263397216796875,1,0,0,17.8053836822509765625,17.0791606903076171875,8.52175426483154296875">
        </Bone>
      </Part>
    </Brick>
    <Brick refID="54" designID="32062">
      <Part refID="54" designID="32062" materials="21">
        <Bone refID="54" transformation="0,0.962385833263397216796875,0.2716865837574005126953125,1,0,0,0,0.2716865837574005126953125,-0.962385833263397216796875,17.405384063720703125,17.964023590087890625,6.85963916778564453125">
        </Bone>
      </Part>
    </Brick>
    <Brick refID="55" designID="6143">
      <Part refID="55" designID="6143" materials="26">
        <Bone refID="55" transformation="0,-0.962385833263397216796875,-0.271686494350433349609375,0,0.271686494350433349609375,-0.962385833263397216796875,1,0,0,17.805385589599609375,18.109893798828125,7.81521129608154296875">
        </Bone>
      </Part>
    </Brick>
    <Brick refID="56" designID="60470">
      <Part refID="56" designID="60470" materials="26">
        <Bone refID="56" transformation="1,0,0,0,0.271686494350433349609375,-0.962385833263397216796875,0,0.962385833263397216796875,0.271686494350433349609375,17.0053844451904296875,18.3707141876220703125,6.8913249969482421875">
        </Bone>
      </Part>
    </Brick>
    <Brick refID="57" designID="98100">
      <Part refID="57" designID="98100" materials="26,0" decoration="0">
        <Bone refID="57" transformation="-1,0,0,0,0.271686494350433349609375,-0.962385833263397216796875,0,-0.962385833263397216796875,-0.271686494350433349609375,17.805385589599609375,17.6877384185791015625,6.3660106658935546875">
        </Bone>
      </Part>
    </Brick>
    <Brick refID="58" designID="48336">
      <Part refID="58" designID="48336" materials="26">
        <Bone refID="58" transformation="-1,0,0,0,0.271686494350433349609375,-0.962385833263397216796875,0,-0.962385833263397216796875,-0.271686494350433349609375,17.8053836822509765625,17.6008014678955078125,6.6739749908447265625">
        </Bone>
      </Part>
    </Brick>
    <Brick refID="59" designID="4032">
      <Part refID="59" designID="4032" materials="24">
        <Bone refID="59" transformation="0,-0.962385952472686767578125,-0.2716864645481109619140625,0,-0.2716864645481109619140625,0.962385952472686767578125,-1,0,0,17.0053844451904296875,17.6751918792724609375,9.355030059814453125">
        </Bone>
      </Part>
    </Brick>
    <Brick refID="60" designID="6141">
      <Part refID="60" designID="6141" materials="24">
        <Bone refID="60" transformation="0,-0.962385833263397216796875,-0.27168643474578857421875,0,-0.27168643474578857421875,0.962385833263397216796875,-1,0,0,17.405384063720703125,17.2032985687255859375,9.55431652069091796875">
        </Bone>
      </Part>
    </Brick>
    <Brick refID="61" designID="4740">
      <Part refID="61" designID="4740" materials="43,0" decoration="0">
        <Bone refID="61" transformation="-1,0,0,0,-0.27168643474578857421875,0.962385833263397216796875,0,0.962385833263397216796875,0.27168643474578857421875,17.405384063720703125,17.1163425445556640625,9.86228179931640625">
        </Bone>
      </Part>
    </Brick>
    <Brick refID="62" designID="2540">
      <Part refID="62" designID="2540" materials="26">
        <Bone refID="62" transformation="-1,0,0,0,-0.271686494350433349609375,0.962385833263397216796875,0,0.962385833263397216796875,0.271686494350433349609375,17.8053836822509765625,17.7621288299560546875,9.0470676422119140625">
        </Bone>
      </Part>
    </Brick>
    <Brick refID="63" designID="2540">
      <Part refID="63" designID="2540" materials="26">
        <Bone refID="63" transformation="1,0,0,0,-0.271686494350433349609375,0.962385833263397216796875,0,-0.962385833263397216796875,-0.271686494350433349609375,17.005382537841796875,16.99222564697265625,8.82971858978271484375">
        </Bone>
      </Part>
    </Brick>
    <Brick refID="64" designID="2335">
      <Part refID="64" designID="2335" materials="26">
        <Bone refID="64" transformation="-0.3916714489459991455078125,-0.24998004734516143798828125,0.885496199131011962890625,0,0.962385833263397216796875,0.2716864645481109619140625,-0.920105278491973876953125,0.106411911547183990478515625,-0.3769388496875762939453125,16.20538330078125,16.5979557037353515625,8.6435985565185546875">
        </Bone>
      </Part>
    </Brick>
    <Brick refID="65" designID="2335">
      <Part refID="65" designID="2335" materials="26">
        <Bone refID="65" transformation="0,-0.58826744556427001953125,0.8086664676666259765625,-1,0,0,0,-0.8086664676666259765625,-0.588267385959625244140625,18.20538330078125,16.154933929443359375,8.85103893280029296875">
        </Bone>
      </Part>
    </Brick>
    <Brick refID="66" designID="2335">
      <Part refID="66" designID="2335" materials="26">
        <Bone refID="66" transformation="0.418117523193359375,-0.24679799377918243408203125,0.87422454357147216796875,0,-0.962385833263397216796875,-0.271686553955078125,0.908393085002899169921875,0.113596715033054351806640625,-0.4023899734020233154296875,18.60538482666015625,18.1955165863037109375,9.0945987701416015625">
        </Bone>
      </Part>
    </Brick>
    <Brick refID="67" designID="2335">
      <Part refID="67" designID="2335" materials="26">
        <Bone refID="67" transformation="0,-0.1015785038471221923828125,0.9948275089263916015625,1,0,0,0,0.994827568531036376953125,0.1015785038471221923828125,16.60538482666015625,18.4646587371826171875,9.50308704376220703125">
        </Bone>
      </Part>
    </Brick>
    <Brick refID="68" designID="2412">
      <Part refID="68" designID="2412" materials="26">
        <Bone refID="68" transformation="1,0,0,0,1,0,0,0,1,-10.00000095367431640625,21.1199970245361328125,7.600000858306884765625">
        </Bone>
      </Part>
    </Brick>
    <Brick refID="69" designID="3298">
      <Part refID="69" designID="3298" materials="26">
        <Bone refID="69" transformation="0,0,-1,0,1,0,1,0,0,-8.40000057220458984375,0.31999969482421875,7.6000003814697265625">
        </Bone>
      </Part>
    </Brick>
    <Brick refID="70" designID="3034">
      <Part refID="70" designID="3034" materials="26">
        <Bone refID="70" transformation="1,0,0,0,1,0,0,0,1,-12.40000057220458984375,0,7.6000003814697265625">
        </Bone>
      </Part>
    </Brick>
    <Brick refID="71" designID="6143">
      <Part refID="71" designID="6143" materials="26">
        <Bone refID="71" transformation="1,0,0,0,1,0,0,0,1,-10,0.31999969482421875,7.6000003814697265625">
        </Bone>
      </Part>
    </Brick>
    <Brick refID="72" designID="3298">
      <Part refID="72" designID="3298" materials="26">
        <Bone refID="72" transformation="0,0,1,0,1,0,-1,0,0,-10.80000019073486328125,0.31999969482421875,6.800000667572021484375">
        </Bone>
      </Part>
    </Brick>
    <Brick refID="73" designID="3709">
      <Part refID="73" designID="3709" materials="26">
        <Bone refID="73" transformation="1,0,0,0,1,0,0,0,1,-10.8000011444091796875,1.27999973297119140625,7.6000003814697265625">
        </Bone>
      </Part>
    </Brick>
    <Brick refID="74" designID="2540">
      <Part refID="74" designID="2540" materials="26">
        <Bone refID="74" transformation="0,0,-1,0,1,0,1,0,0,-9.200000762939453125,20.7999973297119140625,7.600000858306884765625">
        </Bone>
      </Part>
    </Brick>
    <Brick refID="75" designID="58827">
      <Part refID="75" designID="58827" materials="26">
        <Bone refID="75" transformation="0,0,1,0,1,0,-1,0,0,-10.00000095367431640625,11.19999980926513671875,6.8000011444091796875">
        </Bone>
      </Part>
    </Brick>
    <Brick refID="76" designID="58827">
      <Part refID="76" designID="58827" materials="26">
        <Bone refID="76" transformation="0,0,1,0,1,0,-1,0,0,-10.00000095367431640625,1.6000003814697265625,6.800000667572021484375">
        </Bone>
      </Part>
    </Brick>
    <Brick refID="77" designID="3023">
      <Part refID="77" designID="3023" materials="26">
        <Bone refID="77" transformation="0,0,-1,0,1,0,1,0,0,-10.00000095367431640625,20.7999973297119140625,7.600000858306884765625">
        </Bone>
      </Part>
    </Brick>
    <Brick refID="78" designID="4519">
      <Part refID="78" designID="4519" materials="26">
        <Bone refID="78" transformation="1,0,0,0,0,-1,0,1,0,-9.6085052490234375,2.7200005054473876953125,7.20744991302490234375">
        </Bone>
      </Part>
    </Brick>
    <Brick refID="79" designID="2412">
      <Part refID="79" designID="2412" materials="26">
        <Bone refID="79" transformation="-1,0,0,0,1,0,0,0,-1,-9.200000762939453125,21.1199951171875,6.800001621246337890625">
        </Bone>
      </Part>
    </Brick>
    <Brick refID="80" designID="2540">
      <Part refID="80" designID="2540" materials="26">
        <Bone refID="80" transformation="0,-0.962385833263397216796875,-0.2716864645481109619140625,0,-0.2716864645481109619140625,0.962385833263397216796875,-1,0,0,7.72539043426513671875,18.4185276031494140625,6.72194671630859375">
        </Bone>
      </Part>
    </Brick>
    <Brick refID="81" designID="63868">
      <Part refID="81" designID="63868" materials="26">
        <Bone refID="81" transformation="0,-0.962385833263397216796875,-0.271686494350433349609375,0,-0.2716864645481109619140625,0.962385833263397216796875,-1,0,0,7.7253894805908203125,18.5054683685302734375,6.4139862060546875">
        </Bone>
      </Part>
    </Brick>
    <Brick refID="82" designID="92947">
      <Part refID="82" designID="92947" materials="26">
        <Bone refID="82" transformation="0,-0.962385833263397216796875,-0.271686494350433349609375,0,-0.271686494350433349609375,0.962385833263397216796875,-1,0,0,7.7253856658935546875,18.76628875732421875,5.490092754364013671875">
        </Bone>
      </Part>
    </Brick>
    <Brick refID="83" designID="2540">
      <Part refID="83" designID="2540" materials="26">
        <Bone refID="83" transformation="0,0.962385833263397216796875,0.2716864645481109619140625,0,-0.2716864645481109619140625,0.962385833263397216796875,1,0,0,8.5253887176513671875,17.6486225128173828125,6.504597187042236328125">
        </Bone>
      </Part>
    </Brick>
    <Brick refID="84" designID="63868">
      <Part refID="84" designID="63868" materials="26">
        <Bone refID="84" transformation="0,-0.962385833263397216796875,-0.2716864645481109619140625,0,-0.2716864645481109619140625,0.962385833263397216796875,-1,0,0,8.52538585662841796875,18.5054759979248046875,6.413982868194580078125">
        </Bone>
      </Part>
    </Brick>
    <Brick refID="85" designID="2654">
      <Part refID="85" designID="2654" materials="26">
        <Bone refID="85" transformation="-1,0,0,0,-0.2716864645481109619140625,0.962385833263397216796875,0,0.962385833263397216796875,0.2716864645481109619140625,8.525386810302734375,18.766292572021484375,5.4900913238525390625">
        </Bone>
      </Part>
    </Brick>
    <Brick refID="86" designID="4032">
      <Part refID="86" designID="4032" materials="24">
        <Bone refID="86" transformation="0,-0.962385833263397216796875,-0.27168643474578857421875,0,-0.27168643474578857421875,0.962385833263397216796875,-1,0,0,7.72538852691650390625,18.2446498870849609375,7.3378696441650390625">
        </Bone>
      </Part>
    </Brick>
    <Brick refID="87" designID="6141">
      <Part refID="87" designID="6141" materials="24">
        <Bone refID="87" transformation="0,-0.962385714054107666015625,-0.2716864049434661865234375,0,-0.2716864049434661865234375,0.962385714054107666015625,-1,0,0,8.12538909912109375,17.7727565765380859375,7.53715610504150390625">
        </Bone>
      </Part>
    </Brick>
    <Brick refID="88" designID="4740">
      <Part refID="88" designID="4740" materials="43,0" decoration="0">
        <Bone refID="88" transformation="-1,0,0,0,-0.2716864049434661865234375,0.962385714054107666015625,0,0.962385714054107666015625,0.2716864049434661865234375,8.12538909912109375,17.6858005523681640625,7.8451213836669921875">
        </Bone>
      </Part>
    </Brick>
    <Brick refID="89" designID="2540">
      <Part refID="89" designID="2540" materials="26">
        <Bone refID="89" transformation="-1,0,0,0,-0.2716864645481109619140625,0.962385833263397216796875,0,0.962385833263397216796875,0.2716864645481109619140625,8.5253887176513671875,18.3315887451171875,7.0299091339111328125">
        </Bone>
      </Part>
    </Brick>
    <Brick refID="90" designID="2540">
      <Part refID="90" designID="2540" materials="26">
        <Bone refID="90" transformation="1,0,0,0,-0.2716864645481109619140625,0.962385833263397216796875,0,-0.962385833263397216796875,-0.2716864645481109619140625,7.7253875732421875,17.561687469482421875,6.81256008148193359375">
        </Bone>
      </Part>
    </Brick>
    <Brick refID="91" designID="2335">
      <Part refID="91" designID="2335" materials="26">
        <Bone refID="91" transformation="-0.144407212734222412109375,-0.2688386738300323486328125,0.952298462390899658203125,0,0.962385833263397216796875,0.27168643474578857421875,-0.9895184040069580078125,0.0392336063086986541748046875,-0.13897530734539031982421875,6.925388336181640625,17.167415618896484375,6.62644195556640625">
        </Bone>
      </Part>
    </Brick>
    <Brick refID="92" designID="2335">
      <Part refID="92" designID="2335" materials="26">
        <Bone refID="92" transformation="0,-0.1832025945186614990234375,0.983075201511383056640625,-1,0,0,0,-0.983075201511383056640625,-0.1832028329372406005859375,8.92538738250732421875,16.724395751953125,6.833881855010986328125">
        </Bone>
      </Part>
    </Brick>
    <Brick refID="93" designID="2335">
      <Part refID="93" designID="2335" materials="26">
        <Bone refID="93" transformation="0,-0.10157848894596099853515625,0.99482762813568115234375,1,0,0,0,0.994827568531036376953125,0.1015784740447998046875,7.32538890838623046875,19.03411865234375,7.4859294891357421875">
        </Bone>
      </Part>
    </Brick>
    <Brick refID="94" designID="2335">
      <Part refID="94" designID="2335" materials="26">
        <Bone refID="94" transformation="0.2500487864017486572265625,-0.26305568218231201171875,0.931814014911651611328125,0,-0.962385833263397216796875,-0.2716865241527557373046875,0.9682333469390869140625,0.067934773862361907958984375,-0.24064318835735321044921875,9.3253879547119140625,18.76497650146484375,7.077441692352294921875">
        </Bone>
      </Part>
    </Brick>
    <Brick refID="95" designID="2335">
      <Part refID="95" designID="2335" materials="26">
        <Bone refID="95" transformation="0,-0.588267385959625244140625,0.8086664676666259765625,-1,0,0,0,-0.808666527271270751953125,-0.588267385959625244140625,-4.9213924407958984375,16.154933929443359375,8.85103702545166015625">
        </Bone>
      </Part>
    </Brick>
    <Brick refID="96" designID="2335">
      <Part refID="96" designID="2335" materials="26">
        <Bone refID="96" transformation="0.418117582798004150390625,-0.24679799377918243408203125,0.874224603176116943359375,0,-0.962385833263397216796875,-0.2716865241527557373046875,0.908393204212188720703125,0.113596715033054351806640625,-0.402390003204345703125,-4.52139186859130859375,18.1955165863037109375,9.09459686279296875">
        </Bone>
      </Part>
    </Brick>
    <Brick refID="97" designID="2335">
      <Part refID="97" designID="2335" materials="26">
        <Bone refID="97" transformation="0,-0.1015785038471221923828125,0.9948275089263916015625,1,0,0,0,0.994827568531036376953125,0.101578481495380401611328125,-6.521391391754150390625,18.4646587371826171875,9.5030841827392578125">
        </Bone>
      </Part>
    </Brick>
    <Brick refID="98" designID="3298">
      <Part refID="98" designID="3298" materials="26">
        <Bone refID="98" transformation="1,0,0,0,1,0,0,0,1,-10,0.3199999630451202392578125,8.3999996185302734375">
        </Bone>
      </Part>
    </Brick>
    <Brick refID="99" designID="3021">
      <Part refID="99" designID="3021" materials="26">
        <Bone refID="99" transformation="0,0,-1,0,1,0,1,0,0,-9.19999980926513671875,0,10">
        </Bone>
      </Part>
    </Brick>
    <Brick refID="100" designID="3023">
      <Part refID="100" designID="3023" materials="26">
        <Bone refID="100" transformation="1,0,0,0,1,0,0,0,1,-10,1.2799999713897705078125,8.3999996185302734375">
        </Bone>
      </Part>
    </Brick>
    <Brick refID="101" designID="3298">
      <Part refID="101" designID="3298" materials="26">
        <Bone refID="101" transformation="1,0,0,0,1,0,0,0,1,21.51999664306640625,0.3200064003467559814453125,8.40000152587890625">
        </Bone>
      </Part>
    </Brick>
    <Brick refID="102" designID="3021">
      <Part refID="102" designID="3021" materials="26">
        <Bone refID="102" transformation="0,0,-1,0,1,0,1,0,0,22.319995880126953125,0,10.0000019073486328125">
        </Bone>
      </Part>
    </Brick>
    <Brick refID="103" designID="3023">
      <Part refID="103" designID="3023" materials="26">
        <Bone refID="103" transformation="1,0,0,0,1,0,0,0,1,21.51999664306640625,1.28000652790069580078125,8.40000152587890625">
        </Bone>
      </Part>
    </Brick>
    <Brick refID="104" designID="3023">
      <Part refID="104" designID="3023" materials="26">
        <Bone refID="104" transformation="1,0,0,0,1,0,0,0,1,21.51999664306640625,1.28000640869140625,6.000004291534423828125">
        </Bone>
      </Part>
    </Brick>
    <Brick refID="105" designID="3298">
      <Part refID="105" designID="3298" materials="26">
        <Bone refID="105" transformation="-1,0,0,0,1,0,0,0,-1,22.3199977874755859375,0.32000648975372314453125,6.000004291534423828125">
        </Bone>
      </Part>
    </Brick>
    <Brick refID="106" designID="3021">
      <Part refID="106" designID="3021" materials="26">
        <Bone refID="106" transformation="0,0,1,0,1,0,-1,0,0,21.51999664306640625,0,4.400003910064697265625">
        </Bone>
      </Part>
    </Brick>
  </Bricks>
  <RigidSystems>
    <RigidSystem>
      <Rigid refID="0" transformation="-1,0,0,0,1,0,0,0,-1,-9.200000762939453125,0.3200000822544097900390625,6.0000019073486328125" boneRefs="0,1,2"/>
    </RigidSystem>
    <RigidSystem>
      <Rigid refID="1" transformation="-0.3916715085506439208984375,-0.24998004734516143798828125,0.8854961395263671875,0,0.962385833263397216796875,0.27168643474578857421875,-0.920105278491973876953125,0.1064119040966033935546875,-0.37693881988525390625,-6.921391963958740234375,16.5979557037353515625,8.64359760284423828125" boneRefs="3"/>
      <Rigid refID="2" transformation="0,0.962385833263397216796875,0.2716864645481109619140625,0,-0.271686494350433349609375,0.962385833263397216796875,1,0,0,-5.321392536163330078125,17.0791606903076171875,8.52175140380859375" boneRefs="4,5,6,7,8,9,10,11,12,13,14,15,16"/>
      <Rigid refID="3" transformation="0,0,1,1,0,0,0,1,0,20.4719944000244140625,20.2479991912841796875,6.4700031280517578125" boneRefs="17,18,19,20,21,22,23"/>
      <Rigid refID="4" transformation="0,0.962385833263397216796875,0.2716864645481109619140625,0,-0.2716864645481109619140625,0.962385833263397216796875,1,0,0,4.2786102294921875,17.6486225128173828125,6.504595279693603515625" boneRefs="24,25,26,27,28,29,30,31,32,33,34"/>
      <Rigid refID="5" transformation="0,-0.1832025945186614990234375,0.983075201511383056640625,-1,0,0,0,-0.983075201511383056640625,-0.1832028329372406005859375,4.67860889434814453125,16.724395751953125,6.833881378173828125" boneRefs="35"/>
      <Rigid refID="6" transformation="0,-0.10157848894596099853515625,0.99482762813568115234375,1,0,0,0,0.994827568531036376953125,0.1015784740447998046875,3.07861042022705078125,19.03411865234375,7.4859294891357421875" boneRefs="36"/>
      <Rigid refID="7" transformation="-0.144407212734222412109375,-0.2688386738300323486328125,0.952298462390899658203125,0,0.962385833263397216796875,0.27168643474578857421875,-0.9895184040069580078125,0.0392336063086986541748046875,-0.13897530734539031982421875,2.6786098480224609375,17.167415618896484375,6.626441478729248046875" boneRefs="37"/>
      <Rigid refID="8" transformation="0.2500487864017486572265625,-0.26305568218231201171875,0.931814014911651611328125,0,-0.962385833263397216796875,-0.2716865241527557373046875,0.9682333469390869140625,0.067934773862361907958984375,-0.24064318835735321044921875,5.078609466552734375,18.76497650146484375,7.07744121551513671875" boneRefs="38"/>
      <Rigid refID="9" transformation="1,0,0,0,1,0,0,0,1,21.5199947357177734375,21.1199970245361328125,7.600002288818359375" boneRefs="39,40,41,42,43,44,45,46,47,48,49,50"/>
      <Rigid refID="10" transformation="0,-0.962385833263397216796875,-0.271686494350433349609375,0,-0.271686494350433349609375,0.962385833263397216796875,-1,0,0,17.0053844451904296875,17.84906768798828125,8.739105224609375" boneRefs="51,52,53,54,55,56,57,58,59,60,61,62,63"/>
      <Rigid refID="11" transformation="-0.3916714489459991455078125,-0.24998004734516143798828125,0.885496199131011962890625,0,0.962385833263397216796875,0.2716864645481109619140625,-0.920105278491973876953125,0.106411911547183990478515625,-0.3769388496875762939453125,16.20538330078125,16.5979557037353515625,8.6435985565185546875" boneRefs="64"/>
      <Rigid refID="12" transformation="0,-0.58826744556427001953125,0.8086664676666259765625,-1,0,0,0,-0.8086664676666259765625,-0.588267385959625244140625,18.20538330078125,16.154933929443359375,8.85103893280029296875" boneRefs="65"/>
